structure(c(-0.742663860321045, -0.204216122627258, 0.637766182422638, 
0, 0.669662535190582, -0.228530049324036, 0.706629812717438, 
0, 0.00144356768578291, 0.951877057552338, 0.306477189064026, 
0, 0, 0, 0, 1), .Dim = c(4L, 4L))
